  -1.5500615e+00  -1.3663441e+00
   1.1624064e+00  -1.3486022e+00
   8.0691005e-01   1.6247054e+00
   5.1631589e-01   1.7745001e-01
  -1.9181474e-01  -1.3845269e+00
   1.1763961e+00   5.9038946e-01
  -1.2198145e+00  -1.0334177e+00
  -1.6799978e+00  -9.5249683e-01
   1.0334177e+00   1.1217428e+00
   2.1184359e-02   1.1350890e+00
   1.0702494e+00   2.2066651e-01
  -3.2328571e-01   3.8341990e-01
  -1.7096861e+00  -1.2198145e+00
   4.4497471e-01   2.1184359e-02
  -1.4622892e+00  -1.6799978e+00
   3.9103056e-01  -3.3073446e-01
  -9.8638614e-01   5.9881573e-01
   6.0728473e-01   1.5270018e+00
   1.0828540e+00   6.5030852e-01
   4.2943645e-01   2.7161834e-01
  -1.8870401e+00  -6.3295878e-01
   3.4568765e-01   7.0358679e-01
  -6.5030852e-01  -1.2656629e+00
  -3.5311961e-02   1.8462761e-01
  -1.7028153e-01   2.5699440e-01
   6.3591155e-02   6.1579751e-01
  -1.2744077e-01   6.4160950e-01
   3.0844141e-01   3.9103056e-01
  -8.2662313e-01   7.3098432e-01
  -3.9866394e-01  -9.9014496e-02
  -4.6848664e-01  -2.0621916e-01
   8.4666280e-01   8.4832738e-02
  -2.4970318e-01  -8.0691005e-01
  -7.4023909e-01   5.6517472e-02
   3.1585486e-01   1.4169118e-01
